                                                
                      [38;2;252;233;233m▄[0m[38;2;229;72;77m▄[0m[38;2;229;72;77m[48;2;229;72;77m▀[0m                       
                    [38;2;229;72;77m▄[0m[38;2;229;72;77m[48;2;229;72;77m▀[0m[38;2;229;72;77m[48;2;229;72;77m▀[0m[38;2;229;72;77m[48;2;229;72;77m▀[0m[38;2;229;72;77m[48;2;229;72;77m▀[0m                       
                [38;2;46;124;138m▄[0m[38;2;46;124;138m[48;2;46;124;138m▀[0m[38;2;46;124;138m[48;2;46;124;138m▀[0m[38;2;46;124;138m[48;2;46;124;138m▀[0m[38;2;92;111;122m[48;2;46;124;138m▀[0m[38;2;229;72;77m[48;2;46;124;138m▀[0m[38;2;229;72;77m[48;2;229;72;77m▀[0m[38;2;229;72;77m[48;2;229;72;77m▀[0m[38;2;229;72;77m[48;2;229;72;77m▀[0m                       
              [38;2;46;124;138m▄[0m[38;2;46;124;138m[48;2;46;124;138m▀[0m[38;2;46;124;138m[48;2;46;124;138m▀[0m[38;2;46;124;138m▀[0m[38;2;26;43;48m▄[0m[38;2;46;124;138m▀[0m[38;2;46;124;138m[48;2;46;124;138m▀[0m[38;2;46;124;138m[48;2;46;124;138m▀[0m[38;2;46;124;138m[48;2;46;124;138m▀[0m[38;2;46;124;138m[48;2;46;124;138m▀[0m[38;2;182;85;92m[48;2;46;124;138m▀[0m[38;2;100;158;168m[48;2;46;124;138m▀[0m                      
       [38;2;59;70;77m▄[0m[38;2;51;63;70m▄[0m[38;2;51;63;70m▄[0m[38;2;51;63;70m▄[0m[38;2;51;63;70m▄[0m[38;2;51;63;70m▄[0m[38;2;51;63;70m[48;2;51;63;70m▀[0m[38;2;51;63;70m[48;2;51;63;70m▀[0m[38;2;46;124;138m[48;2;46;124;138m▀[0m[38;2;46;124;138m[48;2;46;124;138m▀[0m [38;2;26;43;48m▀[0m[38;2;46;124;138m▄[0m[38;2;46;124;138m[48;2;46;124;138m▀[0m[38;2;46;124;138m[48;2;46;124;138m▀[0m[38;2;46;124;138m[48;2;46;124;138m▀[0m[38;2;46;124;138m[48;2;46;124;138m▀[0m[38;2;46;124;138m[48;2;46;124;138m▀[0m[38;2;46;124;138m[48;2;46;124;138m▀[0m[38;2;46;124;138m▄[0m                     
   [38;2;51;63;70m▀[0m[38;2;51;63;70m▀[0m[38;2;51;63;70m▀[0m[38;2;51;63;70m▀[0m[38;2;51;63;70m▀[0m[38;2;51;63;70m[48;2;104;113;118m▀[0m[38;2;51;63;70m[48;2;51;63;70m▀[0m[38;2;51;63;70m[48;2;51;63;70m▀[0m[38;2;51;63;70m[48;2;51;63;70m▀[0m[38;2;51;63;70m[48;2;51;63;70m▀[0m[38;2;51;63;70m[48;2;51;63;70m▀[0m[38;2;51;63;70m[48;2;51;63;70m▀[0m[38;2;46;124;138m[48;2;46;124;138m▀[0m[38;2;46;124;138m[48;2;46;124;138m▀[0m[38;2;46;124;138m[48;2;46;124;138m▀[0m[38;2;46;124;138m[48;2;46;124;138m▀[0m[38;2;46;124;138m[48;2;46;124;138m▀[0m[38;2;46;124;138m[48;2;46;124;138m▀[0m[38;2;46;124;138m[48;2;46;124;138m▀[0m[38;2;46;124;138m[48;2;46;124;138m▀[0m[38;2;46;124;138m[48;2;46;124;138m▀[0m[38;2;46;124;138m[48;2;46;124;138m▀[0m[38;2;46;124;138m[48;2;46;124;138m▀[0m[38;2;46;124;138m[48;2;228;238;240m▀[0m                     
              [38;2;50;63;70m▀[0m[38;2;46;124;138m[48;2;46;124;138m▀[0m[38;2;46;124;138m[48;2;46;124;138m▀[0m[38;2;46;124;138m[48;2;46;124;138m▀[0m[38;2;46;124;138m[48;2;46;124;138m▀[0m[38;2;46;124;138m[48;2;46;124;138m▀[0m[38;2;46;124;138m[48;2;46;124;138m▀[0m[38;2;46;124;138m[48;2;46;124;138m▀[0m[38;2;46;124;138m[48;2;46;124;138m▀[0m[38;2;46;124;138m[48;2;46;124;138m▀[0m[38;2;46;124;138m[48;2;46;124;138m▀[0m[38;2;46;124;138m[48;2;45;123;138m▀[0m[38;2;46;124;138m[48;2;46;124;138m▀[0m[38;2;46;124;138m[48;2;46;124;138m▀[0m[38;2;46;124;138m▄[0m                   
                [38;2;46;124;138m▀[0m[38;2;46;124;138m[48;2;46;124;138m▀[0m[38;2;46;124;138m[48;2;46;124;138m▀[0m[38;2;46;124;138m[48;2;46;124;138m▀[0m[38;2;46;124;138m[48;2;46;124;138m▀[0m[38;2;46;124;138m[48;2;46;124;138m▀[0m[38;2;46;124;138m[48;2;46;124;138m▀[0m[38;2;46;124;138m[48;2;45;124;138m▀[0m[38;2;46;124;138m[48;2;46;124;138m▀[0m[38;2;46;124;138m[48;2;30;87;97m▀[0m[38;2;46;124;138m[48;2;46;124;138m▀[0m[38;2;46;124;138m[48;2;46;124;138m▀[0m[38;2;46;124;138m[48;2;46;124;138m▀[0m[38;2;46;124;138m[48;2;46;124;138m▀[0m                  
                  [38;2;46;124;138m[48;2;46;124;138m▀[0m[38;2;46;124;138m[48;2;46;124;138m▀[0m[38;2;46;124;138m[48;2;246;239;221m▀[0m[38;2;46;124;138m[48;2;246;239;221m▀[0m[38;2;46;124;138m[48;2;246;239;221m▀[0m[38;2;46;124;138m[48;2;46;124;138m▀[0m[38;2;30;87;97m[48;2;30;87;97m▀[0m[38;2;30;87;97m[48;2;30;87;97m▀[0m[38;2;30;87;97m[48;2;30;87;97m▀[0m[38;2;30;87;97m[48;2;30;87;97m▀[0m[38;2;46;124;138m[48;2;30;87;97m▀[0m[38;2;46;124;138m[48;2;46;124;138m▀[0m[38;2;46;124;138m[48;2;46;124;138m▀[0m                 
                  [38;2;46;124;138m[48;2;46;124;138m▀[0m[38;2;246;239;221m[48;2;246;239;221m▀[0m[38;2;246;239;221m[48;2;246;239;221m▀[0m[38;2;246;239;221m[48;2;246;239;221m▀[0m[38;2;246;239;221m[48;2;246;239;221m▀[0m[38;2;30;87;97m[48;2;62;110;115m▀[0m[38;2;30;87;97m[48;2;30;87;97m▀[0m[38;2;30;87;97m[48;2;30;87;97m▀[0m[38;2;30;87;97m[48;2;30;87;97m▀[0m[38;2;30;87;97m[48;2;30;87;97m▀[0m[38;2;30;87;97m[48;2;30;87;97m▀[0m[38;2;46;124;138m[48;2;30;87;97m▀[0m[38;2;46;124;138m[48;2;46;124;138m▀[0m[38;2;46;124;138m[48;2;46;124;138m▀[0m                
                  [38;2;246;239;221m[48;2;246;239;221m▀[0m[38;2;246;239;221m[48;2;246;239;221m▀[0m[38;2;246;239;221m[48;2;246;239;221m▀[0m[38;2;246;239;221m[48;2;246;239;221m▀[0m[38;2;246;239;221m[48;2;246;239;221m▀[0m[38;2;246;239;221m[48;2;246;239;221m▀[0m[38;2;30;87;97m[48;2;30;87;97m▀[0m[38;2;30;87;97m[48;2;30;87;97m▀[0m[38;2;30;87;97m[48;2;30;87;97m▀[0m[38;2;30;87;97m[48;2;30;87;97m▀[0m[38;2;30;87;97m[48;2;30;87;97m▀[0m[38;2;30;87;97m[48;2;30;87;97m▀[0m[38;2;46;124;138m[48;2;46;124;138m▀[0m[38;2;46;124;138m[48;2;46;124;138m▀[0m                
                  [38;2;246;239;221m[48;2;246;239;221m▀[0m[38;2;246;239;221m[48;2;246;239;221m▀[0m[38;2;246;239;221m[48;2;246;239;221m▀[0m[38;2;246;239;221m[48;2;246;239;221m▀[0m[38;2;246;239;221m[48;2;246;239;221m▀[0m[38;2;246;239;221m[48;2;246;239;221m▀[0m[38;2;30;87;97m[48;2;246;239;221m▀[0m[38;2;30;87;97m[48;2;30;87;97m▀[0m[38;2;30;87;97m[48;2;30;87;97m▀[0m[38;2;30;87;97m[48;2;30;87;97m▀[0m[38;2;30;87;97m[48;2;30;87;97m▀[0m[38;2;30;87;97m[48;2;40;111;124m▀[0m[38;2;46;124;138m[48;2;46;124;138m▀[0m[38;2;46;124;138m[48;2;46;124;138m▀[0m                
                  [38;2;244;248;249m▀[0m[38;2;246;239;221m[48;2;246;239;221m▀[0m[38;2;246;239;221m[48;2;246;239;221m▀[0m[38;2;246;239;221m[48;2;246;239;221m▀[0m[38;2;246;239;221m[48;2;246;239;221m▀[0m[38;2;246;239;221m[48;2;246;239;221m▀[0m[38;2;246;239;221m[48;2;246;239;221m▀[0m[38;2;246;239;221m[48;2;246;239;221m▀[0m[38;2;30;87;97m[48;2;46;124;138m▀[0m[38;2;30;87;97m[48;2;46;124;138m▀[0m[38;2;30;87;97m[48;2;46;124;138m▀[0m[38;2;46;124;138m[48;2;46;124;138m▀[0m[38;2;46;124;138m[48;2;46;124;138m▀[0m[38;2;215;230;233m▀[0m                
                   [38;2;252;250;244m▀[0m[38;2;246;239;221m[48;2;246;239;221m▀[0m[38;2;246;239;221m[48;2;246;239;221m▀[0m[38;2;246;239;221m[48;2;246;239;221m▀[0m[38;2;246;239;221m[48;2;246;239;221m▀[0m[38;2;246;239;221m[48;2;246;239;221m▀[0m[38;2;46;124;138m[48;2;46;124;138m▀[0m[38;2;46;124;138m[48;2;46;124;138m▀[0m[38;2;46;124;138m[48;2;46;124;138m▀[0m[38;2;46;124;138m[48;2;46;124;138m▀[0m[38;2;46;124;138m[48;2;46;124;138m▀[0m[38;2;46;124;138m[48;2;30;87;97m▀[0m[38;2;30;87;97m[48;2;30;87;97m▀[0m[38;2;30;87;97m[48;2;30;87;97m▀[0m[38;2;30;87;97m▄[0m[38;2;242;179;61m▄[0m             
                      [38;2;246;239;221m▀[0m[38;2;246;239;221m[48;2;119;170;179m▀[0m[38;2;46;124;138m[48;2;46;124;138m▀[0m[38;2;46;124;138m[48;2;46;124;138m▀[0m[38;2;46;124;138m[48;2;51;63;70m▀[0m[38;2;46;124;138m[48;2;51;63;70m▀[0m[38;2;46;124;138m[48;2;242;179;61m▀[0m[38;2;251;228;187m[48;2;242;179;61m▀[0m[38;2;30;87;97m[48;2;242;179;61m▀[0m[38;2;30;87;97m[48;2;30;87;97m▀[0m[38;2;30;87;97m[48;2;30;87;97m▀[0m[38;2;30;87;97m[48;2;30;87;97m▀[0m[38;2;30;87;97m[48;2;30;87;97m▀[0m[38;2;204;162;67m[48;2;30;87;97m▀[0m[38;2;251;228;187m[48;2;30;87;97m▀[0m[38;2;242;179;61m▄[0m          
                         [38;2;242;179;61m▄[0m[38;2;226;169;61m[48;2;242;179;61m▀[0m[38;2;226;169;61m[48;2;242;179;61m▀[0m[38;2;242;179;61m[48;2;242;179;61m▀[0m[38;2;242;179;61m[48;2;242;179;61m▀[0m[38;2;51;63;70m[48;2;51;63;70m▀[0m[38;2;31;84;95m[48;2;53;97;93m▀[0m[38;2;30;87;97m[48;2;30;87;97m▀[0m[38;2;30;87;97m[48;2;30;87;97m▀[0m[38;2;30;87;97m[48;2;242;179;61m▀[0m[38;2;32;88;96m[48;2;242;179;61m▀[0m[38;2;242;179;61m[48;2;242;179;61m▀[0m[38;2;242;179;61m[48;2;242;179;61m▀[0m[38;2;242;179;61m[48;2;242;179;61m▀[0m[38;2;242;179;61m[48;2;242;179;61m▀[0m[38;2;242;179;61m▄[0m       
                         [38;2;242;179;61m[48;2;242;179;61m▀[0m[38;2;242;179;61m[48;2;242;179;61m▀[0m[38;2;242;179;61m[48;2;242;179;61m▀[0m[38;2;242;179;61m[48;2;242;179;61m▀[0m[38;2;242;179;61m[48;2;242;179;61m▀[0m[38;2;242;179;61m[48;2;242;179;61m▀[0m[38;2;242;179;61m[48;2;242;179;61m▀[0m[38;2;30;87;97m[48;2;242;179;61m▀[0m[38;2;242;179;61m[48;2;242;179;61m▀[0m[38;2;242;179;61m[48;2;242;179;61m▀[0m[38;2;242;179;61m[48;2;242;179;61m▀[0m[38;2;242;179;61m[48;2;242;179;61m▀[0m[38;2;242;179;61m[48;2;242;179;61m▀[0m[38;2;242;179;61m[48;2;242;179;61m▀[0m[38;2;242;179;61m[48;2;242;179;61m▀[0m[38;2;242;179;61m[48;2;242;179;61m▀[0m       
                         [38;2;242;179;61m[48;2;242;179;61m▀[0m[38;2;242;179;61m[48;2;242;179;61m▀[0m[38;2;242;179;61m[48;2;242;179;61m▀[0m[38;2;242;179;61m[48;2;242;179;61m▀[0m[38;2;242;179;61m[48;2;242;179;61m▀[0m[38;2;242;179;61m[48;2;242;179;61m▀[0m[38;2;242;179;61m[48;2;242;179;61m▀[0m[38;2;242;179;61m[48;2;242;179;61m▀[0m[38;2;242;179;61m[48;2;242;179;61m▀[0m[38;2;242;179;61m[48;2;242;179;61m▀[0m[38;2;242;179;61m[48;2;242;179;61m▀[0m[38;2;242;179;61m[48;2;242;179;61m▀[0m[38;2;242;179;61m[48;2;242;179;61m▀[0m[38;2;242;179;61m[48;2;242;179;61m▀[0m[38;2;242;179;61m[48;2;242;179;61m▀[0m[38;2;242;179;61m[48;2;242;179;61m▀[0m       
                         [38;2;242;179;61m[48;2;242;179;61m▀[0m[38;2;242;179;61m[48;2;242;179;61m▀[0m[38;2;242;179;61m[48;2;242;179;61m▀[0m[38;2;242;179;61m[48;2;242;179;61m▀[0m[38;2;242;179;61m[48;2;242;179;61m▀[0m[38;2;242;179;61m[48;2;242;179;61m▀[0m[38;2;242;179;61m[48;2;242;179;61m▀[0m[38;2;242;179;61m[48;2;242;179;61m▀[0m[38;2;242;179;61m[48;2;242;179;61m▀[0m[38;2;242;179;61m[48;2;242;179;61m▀[0m[38;2;242;179;61m[48;2;242;179;61m▀[0m[38;2;242;179;61m[48;2;242;179;61m▀[0m[38;2;242;179;61m[48;2;242;179;61m▀[0m[38;2;242;179;61m[48;2;242;179;61m▀[0m[38;2;242;179;61m[48;2;242;179;61m▀[0m[38;2;242;179;61m[48;2;242;179;61m▀[0m       
                         [38;2;242;179;61m[48;2;242;179;61m▀[0m[38;2;242;179;61m[48;2;242;179;61m▀[0m[38;2;242;179;61m[48;2;242;179;61m▀[0m[38;2;242;179;61m[48;2;242;179;61m▀[0m[38;2;242;179;61m[48;2;242;179;61m▀[0m[38;2;242;179;61m[48;2;242;179;61m▀[0m[38;2;242;179;61m[48;2;242;179;61m▀[0m[38;2;242;179;61m[48;2;242;179;61m▀[0m[38;2;242;179;61m[48;2;242;179;61m▀[0m[38;2;242;179;61m[48;2;242;179;61m▀[0m[38;2;242;179;61m[48;2;242;179;61m▀[0m[38;2;242;179;61m[48;2;242;179;61m▀[0m[38;2;242;179;61m[48;2;242;179;61m▀[0m[38;2;242;179;61m[48;2;242;179;61m▀[0m[38;2;242;179;61m[48;2;242;179;61m▀[0m[38;2;242;179;61m[48;2;242;179;61m▀[0m       
                          [38;2;242;179;61m▀[0m[38;2;242;179;61m▀[0m[38;2;242;179;61m[48;2;242;179;61m▀[0m[38;2;242;179;61m[48;2;242;179;61m▀[0m[38;2;242;179;61m[48;2;242;179;61m▀[0m[38;2;242;179;61m[48;2;242;179;61m▀[0m[38;2;242;179;61m[48;2;242;179;61m▀[0m[38;2;242;179;61m[48;2;242;179;61m▀[0m[38;2;242;179;61m[48;2;242;179;61m▀[0m[38;2;242;179;61m[48;2;242;179;61m▀[0m[38;2;242;179;61m[48;2;242;179;61m▀[0m[38;2;242;179;61m[48;2;242;179;61m▀[0m[38;2;242;179;61m▀[0m[38;2;242;179;61m▀[0m        
                             [38;2;251;228;187m▀[0m[38;2;242;179;61m▀[0m[38;2;242;179;61m[48;2;242;179;61m▀[0m[38;2;242;179;61m[48;2;242;179;61m▀[0m[38;2;242;179;61m[48;2;242;179;61m▀[0m[38;2;242;179;61m[48;2;242;179;61m▀[0m[38;2;242;179;61m▀[0m[38;2;251;228;187m▀[0m           
                                                
